id	label	x	y	cluster	weight<Links>	weight<Total link strength>	weight<Documents>	weight<Citations>	weight<Norm. citations>	score<Avg. pub. year>	score<Avg. citations>	score<Avg. norm. citations>
22	a e korten	-0.3368	0.0391	9	2	6	3	369	4.2034	2002.6667	123	1.4011
38	a j f m kerkhof	-0.483	0.0756	9	8	10	4	97	6.1547	2015	24.25	1.5387
53	a lange	-0.493	-0.1032	3	6	12	5	145	2.9804	2008.8	29	0.5961
86	a w m evers	-0.8084	-0.4158	13	3	7	7	79	5.7901	2017.2857	11.2857	0.8272
98	aaron r lyon	0.1274	-0.0193	2	4	5	3	38	8.4086	2018	12.6667	2.8029
103	aartjan t f beekman	-0.6263	-0.0867	3	4	6	3	68	2.7711	2015	22.6667	0.9237
136	acacia c parks	0.0628	0.0353	2	1	2	3	111	2.8489	2015.6667	37	0.9496
153	adam g dunn	-0.2439	-0.2104	7	6	14	7	162	8.1682	2015.7143	23.1429	1.1669
183	adrian aguilera	0.2461	0.062	2	4	7	3	71	2.9573	2013.6667	23.6667	0.9858
225	ahmed a allam	-1.032	-0.0711	18	1	4	4	153	5.2737	2014.75	38.25	1.3184
280	alan fossa	1.0638	-0.0375	16	7	10	3	34	5.412	2017.3333	11.3333	1.804
298	albert park	0.9648	0.1474	24	4	8	4	49	3.712	2016.5	12.25	0.928
315	alejandro r jadad	0.2862	-0.3345	10	5	8	9	1087	16.6124	2008.3333	120.7778	1.8458
337	alex burdorf	-0.9416	0.2346	5	8	10	4	101	1.946	2012.5	25.25	0.4865
367	alexander horsch	-0.5633	-0.5263	19	2	4	3	76	1.6359	2013.6667	25.3333	0.5453
427	ali m alasadi	-0.3948	-0.0986	7	2	6	4	45	1.438	2014.25	11.25	0.3595
453	alireza ahmadvand	-0.2847	-0.1403	7	3	3	3	2	0.5364	2015.6667	0.6667	0.1788
466	alison l calear	-0.4378	0.0672	9	12	22	6	417	9.5334	2012.1667	69.5	1.5889
488	alla keselman	1.0787	-0.0761	16	2	3	4	114	6.434	2011	28.5	1.6085
527	amael arguel	-0.2475	-0.2332	7	5	12	3	56	1.4343	2013.6667	18.6667	0.4781
530	amanda baker	-0.3155	-0.0955	7	6	11	3	260	3.1582	2010.3333	86.6667	1.0527
545	amanda l graham	0.6296	0.0728	1	10	25	17	505	10.6275	2012.5882	29.7059	0.6251
612	amrutha anand	-0.8877	-0.2013	14	3	5	3	3	0.8045	2018.3333	1	0.2682
694	andre matthias muller	-1.1637	0.59	6	9	16	3	54	8.0697	2017.3333	18	2.6899
703	andrea c villanti	0.6534	0.1023	1	2	4	3	66	3.6937	2015.3333	22	1.2312
774	andrew farmer	1.223	0.394	12	12	20	8	125	14.4548	2017.5	15.625	1.8068
793	andrew mackinnon	-0.4054	0.1482	9	20	54	11	368	17.042	2015	33.4545	1.5493
823	andrzej a kononowicz	0.793	0.2958	8	10	14	3	26	20.6743	2017.3333	8.6667	6.8914
907	anke oenema	-0.9528	0.3086	5	14	31	12	583	10.3374	2012.75	48.5833	0.8614
911	ann blandford	-0.4026	-0.6097	4	1	1	3	12	0.5864	2016.3333	4	0.1955
914	ann desmet	-1.1589	0.6159	6	12	19	3	52	7.9471	2017.3333	17.3333	2.649
942	anna janssen	-0.2256	0.4642	17	3	7	4	25	2.6211	2017.25	6.25	0.6553
960	anna stromberg	-0.5809	0.0321	21	2	3	3	10	0.3453	2017.6667	3.3333	0.1151
963	annacarlotta zarski	-0.6373	0.1452	3	9	17	4	35	4.806	2017.75	8.75	1.2015
987	anne helen hansen	-0.3276	-0.4905	4	4	10	5	8	4.9815	2018.6	1.6	0.9963
1031	annemieke van straten	-0.5465	-0.0226	3	14	24	8	789	11.6155	2011.25	98.625	1.4519
1033	annet kleiboer	-0.5744	-0.0858	3	8	12	4	117	9.4927	2014.5	29.25	2.3732
1052	annie t chen	0.9531	0.1895	24	2	2	4	37	1.5213	2016.75	9.25	0.3803
1054	annie y s lau	-0.2671	-0.2966	7	9	21	8	140	3.016	2013.375	17.5	0.377
1069	anthony bennett	-0.4028	0.0174	9	10	19	4	181	3.2859	2011.75	45.25	0.8215
1072	anthony f jorm	-0.4065	0.2158	9	6	23	5	100	7.9992	2017.4	20	1.5998
1139	ara darzi	0.8902	0.1086	11	5	13	8	164	4.3819	2016.5	20.5	0.5477
1254	astrid jander	-0.9013	0.364	5	8	12	3	61	2.3834	2015	20.3333	0.7945
1302	azeem majeed	0.8706	0.1585	11	9	9	4	145	26.7677	2014.5	36.25	6.6919
1303	aziz sheikh	-0.9011	-0.1993	14	2	4	3	9	2.4136	2018	3	0.8045
1411	ben f m wijnen	-0.7827	0.223	5	5	6	3	8	1.2577	2017.6667	2.6667	0.4192
1413	ben greer	-0.7239	-0.1725	14	2	5	3	21	8.4679	2018.6667	7	2.8226
1482	beth stuart	1.1335	0.1772	11	8	13	3	72	2.6754	2015	24	0.8918
1504	beverly b green	0.7815	-0.0432	15	4	4	3	498	12.5537	2011	166	4.1846
1517	bhone myint kyaw	0.7796	0.2384	8	14	40	9	37	62.3903	2019	4.1111	6.9323
1602	bradford w hesse	0.9437	-0.2486	1	10	22	10	887	16.2388	2013.3	88.7	1.6239
1614	bregje a j van spijker	-0.4846	0.0909	9	8	10	3	74	5.4326	2015.3333	24.6667	1.8109
1658	brian j zikmundfisher	0.5088	-0.2239	15	9	19	10	302	8.7099	2013.9	30.2	0.871
1688	bridgette m bewick	1.0469	0.1793	11	1	2	3	87	1.3078	2013.6667	29	0.4359
1689	brigitte boon	-0.7813	0.0855	3	9	17	7	391	6.7047	2012.8571	55.8571	0.9578
1697	britt klein	-0.3664	-0.0966	7	13	23	8	426	6.0596	2012	53.25	0.7575
1711	brjann ljotsson	-0.4961	-0.0045	21	2	3	3	96	1.4553	2014.3333	32	0.4851
1729	bruce neal	-0.2627	0.3204	17	5	10	3	344	4.957	2011.3333	114.6667	1.6523
1834	cameron d norman	-0.3512	-0.2742	23	3	5	6	1066	10.2719	2006.5	177.6667	1.712
1840	camille e short	-1.1363	0.5952	6	10	19	3	25	6.7045	2018	8.3333	2.2348
1895	carlos rizo	0.286	-0.3221	10	1	2	3	460	5.5042	2005.6667	153.3333	1.8347
1905	carmelo velardo	1.2467	0.3949	12	3	7	3	57	4.5219	2016.6667	19	1.5073
1927	carol maher	-1.131	0.6194	6	12	25	7	383	24.9482	2017.1429	54.7143	3.564
1948	caroline free	1.1042	0.3839	12	6	8	3	64	2.0417	2014.3333	21.3333	0.6806
1956	caroline jay	-0.8041	-0.1597	14	2	4	3	20	1.7249	2016.6667	6.6667	0.575
1957	caroline l donovan	-0.3309	0.1441	9	2	5	3	53	3.7756	2016	17.6667	1.2585
1963	caroline r richardson	0.6303	-0.151	15	5	9	8	505	9.2622	2010.75	63.125	1.1578
1964	caroline sanders	-0.86	-0.1875	14	1	2	3	69	3.6426	2015.6667	23	1.2142
1974	carolyn turvey	0.8581	-0.1155	1	4	9	4	173	5.8888	2015.75	43.25	1.4722
1999	caterina masino	0.2967	-0.4681	10	5	15	3	253	4.5529	2011.3333	84.3333	1.5176
2010	catherine bolman	-0.9714	0.3837	5	8	20	9	193	5.832	2014.7778	21.4444	0.648
2029	catherine woods	-1.1991	0.6002	6	12	23	5	42	8.2454	2018	8.4	1.6491
2055	cecilie varsi	-0.5845	-0.4332	19	9	19	6	59	3.5024	2017	9.8333	0.5837
2069	celien van der mispel	-1.2031	0.6757	6	4	11	3	22	1.9958	2017	7.3333	0.6653
2125	charles m cleland	-0.5086	-0.4575	19	1	1	3	11	0.6747	2017.6667	3.6667	0.2249
2145	charoula konstantia nikolaou	0.7822	0.2665	8	10	13	3	35	59.0179	2019	11.6667	19.6726
2244	chris gibbons	-0.8425	-0.285	14	1	2	3	34	2.613	2016.6667	11.3333	0.871
2249	chris j karr	0.0612	-0.0642	2	13	20	3	368	9.1211	2015.6667	122.6667	3.0404
2271	christiaan vis	-0.5706	-0.0541	3	8	13	3	47	9.4422	2017.6667	15.6667	3.1474
2299	christin bexelius	1.3329	0.6221	22	4	10	3	88	1.0728	2009.6667	29.3333	0.3576
2332	christine godfrey	1.045	0.428	12	6	22	4	272	3.4906	2011	68	0.8726
2407	christopher millett	0.9072	0.1204	11	3	6	3	173	3.56	2012.3333	57.6667	1.1867
2409	christopher n sciamanna	0.2676	-0.0515	2	3	4	5	130	2.1327	2009.4	26	0.4265
2425	christopher williams	-0.6218	0.2142	3	2	3	3	47	0.9828	2012.6667	15.6667	0.3276
2462	cicely kerr	1.088	0.3313	12	3	9	3	142	1.4165	2007.3333	47.3333	0.4722
2477	ciska hoving	-0.8781	0.4019	5	10	18	6	745	17.0115	2014.1667	124.1667	2.8353
2502	clare e collins	-1.2507	0.5403	6	4	18	9	337	7.5657	2013.5556	37.4444	0.8406
2516	claudia buntrock	-0.6631	0.1152	3	8	16	3	23	4.2129	2018	7.6667	1.4043
2559	colleen stilesshields	0.012	-0.037	2	9	13	3	130	7.6309	2017	43.3333	2.5436
2573	constance h c drossaert	-0.7537	-0.4084	13	6	13	7	400	8.1632	2013	57.1429	1.1662
2582	corinna jacobi	-0.6316	0.1703	3	3	3	3	10	2.6795	2018	3.3333	0.8932
2587	corneel vandelanotte	-1.1015	0.6422	6	22	55	17	1075	35.2234	2014.5882	63.2353	2.072
2588	cornelia f van udenkraan	-0.7285	-0.3685	13	5	5	3	185	2.7341	2013.6667	61.6667	0.9114
2589	cornelia m ruland	-0.547	-0.4578	19	6	15	7	172	4.7972	2013.4286	24.5714	0.6853
2607	courtney r lyles	1.1002	0.0922	16	9	15	7	112	5.658	2017	16	0.8083
2631	cristina m caperchione	-1.056	0.7087	6	5	8	3	84	3.1732	2015.6667	28	1.0577
2648	cynthia brandt	0.7732	-0.1448	1	7	11	5	92	5.4663	2014.6	18.4	1.0933
2677	d keith mcinnes	0.8435	-0.1532	1	7	12	4	41	2.0893	2016.5	10.25	0.5223
2748	daniel e ford	0.786	-0.2734	1	8	14	5	211	3.5511	2010.4	42.2	0.7102
2808	daniela n schulz	-0.94	0.4239	5	12	24	5	131	4.1443	2014.6	26.2	0.8289
2809	daniela paolotti	-0.3833	-0.6131	4	2	2	4	26	3.1815	2017.5	6.5	0.7954
2819	danielle e ramo	1.0969	0.05	16	3	4	4	313	7.9541	2015	78.25	1.9885
2831	dante morra	0.3312	-0.619	10	4	7	3	299	4.1278	2011.3333	99.6667	1.3759
2863	david a haggstrom	0.8577	-0.1843	1	5	6	4	24	0.7536	2017.5	6	0.1884
2873	david brian abrams	0.6353	0.0464	1	4	11	5	189	2.9348	2010.4	37.8	0.587
2874	david brindley	0.7945	0.132	8	2	5	4	10	15.4442	2018.75	2.5	3.8611
2880	david c mohr	0.092	-0.0489	2	24	71	20	1288	45.7177	2016.1	64.4	2.2859
2890	david daniel ebert	-0.6243	0.1098	3	14	57	15	310	30.1451	2016.9333	20.6667	2.0097
2891	david davies	0.776	0.3664	8	10	13	3	53	1.83	2016.3333	17.6667	0.61
2913	david h gustafson	0.8638	-0.5052	20	3	5	5	175	8.3994	2015.2	35	1.6799
2929	david j kavanagh	-0.3098	-0.1177	7	7	12	5	224	2.6914	2015.2	44.8	0.5383
2963	david p french	1.2156	0.414	12	2	3	4	49	6.2555	2018.25	12.25	1.5639
2974	david r kaufman	1.0842	-0.0825	16	1	1	3	74	5.9792	2009.6667	24.6667	1.9931
2988	david w austin	-0.3723	-0.1175	7	2	5	3	162	2.3275	2011.3333	54	0.7758
2991	david w mcdonald	0.9742	0.1333	24	3	6	3	35	1.3774	2015	11.6667	0.4591
2996	david wiljer	0.3144	-0.3678	10	6	6	4	204	2.8428	2008	51	0.7107
3024	debbe thompson	-1.1646	0.6505	6	3	3	4	66	2.8397	2015.75	16.5	0.7099
3034	deborah a kerr	-0.2727	0.5034	17	1	1	3	162	3.8161	2013.6667	54	1.272
3040	deborah f tate	0.8169	-0.4129	20	1	2	3	178	2.84	2015	59.3333	0.9467
3075	deede gammon	-0.5452	-0.4753	19	6	11	5	158	3.5303	2013	31.6	0.7061
3099	denise a peels	-0.9896	0.381	5	4	8	4	86	2.1164	2015	21.5	0.5291
3119	denny meyer	-0.3866	-0.1101	7	3	10	8	141	3.4734	2014.875	17.625	0.4342
3149	dhavan v shah	0.8585	-0.514	20	3	5	3	92	6.4407	2016.3333	30.6667	2.1469
3219	dirk lehr	-0.6406	0.0927	3	10	44	10	202	21.8893	2017.4	20.2	2.1889
3223	dirk schulz	-0.8993	0.411	5	6	11	3	92	2.0667	2012.6667	30.6667	0.6889
3246	dominique alexandra reinwand	-0.8953	0.4394	5	13	22	6	89	3.0553	2015.1667	14.8333	0.5092
3289	donna m zulman	0.701	-0.1083	1	5	5	5	141	4.8258	2014.6	28.2	0.9652
3329	dragan ilic	0.7726	0.4184	8	5	11	4	110	3.4434	2014.5	27.5	0.8608
3339	dusan hadzipavlovic	-0.2875	-0.0205	7	7	13	3	36	2.7852	2017.3333	12	0.9284
3369	e m a smets	-0.8806	-0.0773	18	5	15	3	2	0.1227	2016	0.6667	0.0409
3377	e r seydel	-0.6631	-0.3132	13	10	25	8	1077	13.6478	2009.375	134.625	1.706
3379	e s smit	-0.8873	0.3853	5	13	21	6	141	4.2218	2014.8333	23.5	0.7036
3418	edward meinert	0.7844	0.1325	8	2	5	4	10	15.4442	2018.75	2.5	3.8611
3426	edwin d boudreaux	0.8193	-0.2296	1	1	1	3	18	1.3476	2015.3333	6	0.4492
3456	eirik arsand	-0.3578	-0.4982	4	8	15	9	479	15.0785	2015.5556	53.2222	1.6754
3462	elad yomtov	-0.3786	-0.6029	4	4	5	14	236	9.1202	2016.2143	16.8571	0.6514
3478	eleftheria kalaitzaki	1.0257	0.4286	12	6	18	3	224	2.4639	2010.3333	74.6667	0.8213
3479	elena heber	-0.6671	0.089	3	8	20	4	98	9.3684	2017.5	24.5	2.3421
3485	eleni dafli	0.7119	0.3006	8	2	6	4	46	1.5163	2014.75	11.5	0.3791
3493	elia gabarron	-0.3047	-0.3921	4	3	6	3	35	2.7783	2015.6667	11.6667	0.9261
3498	elin borosund	-0.5729	-0.4209	19	8	17	6	85	4.2778	2016.6667	14.1667	0.713
3520	elisabeth moller	1.3781	0.6893	22	4	10	3	69	1.5879	2013	23	0.5293
3533	eliseo j perezstable	0.2563	0.0522	2	4	7	3	55	1.1516	2012.6667	18.3333	0.3839
3535	elissa r weitzman	-0.2392	-0.1796	7	1	2	3	150	1.5888	2012.3333	50	0.5296
3559	elizabeth j lyons	0.8303	-0.398	20	1	1	4	426	9.4852	2009.75	106.5	2.3713
3564	elizabeth l gray	0.0435	-0.0046	2	10	16	3	2	3.3724	2019	0.6667	1.1241
3571	elizabeth m scott	-0.2084	0.3804	17	3	9	3	11	2.95	2018.3333	3.6667	0.9833
3575	elizabeth murray	1.05	0.3274	12	22	62	20	1043	24.2484	2011.35	52.15	1.2124
3590	elke d ter huurne	-0.7969	-0.5038	13	2	6	3	135	2.0916	2012	45	0.6972
3595	ellen burke beckjord	0.9187	-0.2415	1	7	10	3	762	10.3939	2011.3333	254	3.4646
3601	ellen m a smets	-0.9356	-0.0709	18	6	10	4	25	1.0509	2017.25	6.25	0.2627
3657	emily gardiner lattie	0.0798	-0.0231	2	14	33	7	102	12.7938	2018.1429	14.5714	1.8277
3676	emily seto	0.2599	-0.453	10	9	23	6	302	5.5161	2013.8333	50.3333	0.9194
3707	enid dorey	1.3162	0.515	22	2	5	3	396	5.7584	2010.3333	132	1.9195
3708	enid montague	0.1095	-0.069	2	3	5	3	198	5.6067	2013	66	1.8689
3713	enny das	-0.9411	0.1332	25	3	3	5	79	2.5869	2015.8	15.8	0.5174
3715	enrico coiera	-0.2296	-0.2454	7	9	31	15	292	9.9823	2014.0667	19.4667	0.6655
3720	enrique bacagarcia	-0.1218	-0.0034	2	3	8	3	85	8.7303	2017.6667	28.3333	2.9101
3754	eric w ford	0.9224	-0.2085	1	5	11	6	91	10.7458	2016.5	15.1667	1.791
3780	erik m augustson	0.9687	-0.3286	1	5	10	5	252	5.5366	2013	50.4	1.1073
3781	erik mayer	0.8835	0.0916	11	2	8	4	10	0.8202	2018	2.5	0.2051
3786	erik taal	-0.7533	-0.3882	13	5	11	4	352	4.8513	2010.75	88	1.2128
3822	ernst thomas bohlmeijer	-0.6938	-0.0985	13	5	7	3	145	3.5518	2013.3333	48.3333	1.1839
3854	eugene loos	-0.9175	-0.0791	18	7	24	6	27	1.1736	2016.3333	4.5	0.1956
3883	eva grunfeld	0.2849	-0.3638	10	2	2	3	15	1.3596	2017.6667	5	0.4532
3922	evette j ludman	0.0828	-0.1359	2	5	7	3	65	0.9748	2013	21.6667	0.3249
3945	fabia rothenfluh	-1.0282	-0.1018	18	1	3	3	28	2.8379	2017	9.3333	0.946
3981	farah ahmad	-0.3705	-0.2889	23	1	2	3	194	1.8606	2008	64.6667	0.6202
3994	fedde scheele	0.7537	0.501	8	3	11	4	9	6.6678	2018.75	2.25	1.6669
4015	felix greaves	0.9282	0.103	11	8	11	5	300	14.3419	2013.8	60	2.8684
4044	filip smit	-0.7034	0.1046	3	16	38	12	499	11.2318	2013.6667	41.5833	0.936
4059	fiona shand	-0.4572	0.0905	9	6	6	3	16	4.2909	2018.3333	5.3333	1.4303
4060	fiona stevenson	1.1102	0.3414	12	9	21	8	211	6.2798	2012.125	26.375	0.785
4090	frances griffiths	-0.8012	-0.2384	14	3	5	5	525	7.3478	2013	105	1.4696
4091	frances kaylambkin	-0.3304	-0.0739	7	11	16	5	306	5.3632	2012.4	61.2	1.0726
4096	frances p thorndike	-0.4613	0.0411	21	5	8	5	127	2.7494	2011.2	25.4	0.5499
4099	frances s mair	-0.5327	-0.0686	3	1	1	3	106	5.6979	2016	35.3333	1.8993
4120	francine schneider	-0.9289	0.4421	5	14	24	6	216	5.0894	2013	36	0.8482
4126	francisco diezcanseco	0.1679	-0.1031	2	3	9	4	14	6.5906	2018.5	3.5	1.6477
4131	francisco lupianezvillanueva	-0.8299	-0.2615	14	2	2	3	54	2.2661	2015.6667	18	0.7554
4203	g eysenbach	-0.4204	-0.3412	23	1	5	8	23	1.1633	1999.5	2.875	0.1454
4296	geert crombez	-1.188	0.6854	6	4	16	5	22	1.9958	2017.8	4.4	0.3992
4303	geke romijn	-0.8494	-0.0813	18	10	23	5	10	2.2383	2016.6	2	0.4477
4316	genevieve f dunton	1.0382	0.1294	11	1	1	5	62	5.6647	2017	12.4	1.1329
4321	genevieve rouleau	-0.2434	-0.5037	4	2	5	3	27	1.9984	2017	9	0.6661
4331	george d papandonatos	0.6451	0.0646	1	2	4	3	72	1.5794	2011.6667	24	0.5265
4360	gerald j jerome	0.5907	0.0063	1	3	4	3	114	3.408	2013.3333	38	1.136
4364	gerard dunleavy	0.7539	0.2335	8	8	12	4	26	43.8418	2019	6.5	10.9605
4367	gerard m schippers	-0.7171	0.0613	3	5	7	3	163	2.1409	2010	54.3333	0.7136
4379	gerhard andersson	-0.5142	0.0022	21	15	29	14	709	11.5868	2012.2143	50.6429	0.8276
4382	gerjo kok	-0.9229	0.1388	25	5	14	9	93	3.519	2015.5556	10.3333	0.391
4489	greet cardon	-1.1392	0.7041	6	3	9	3	76	2.851	2014.3333	25.3333	0.9503
4530	gro k rosvold berntsen	-0.5558	-0.5142	19	4	6	4	97	2.2488	2014.5	24.25	0.5622
4559	gunnar hartvigsen	-0.3687	-0.5372	4	2	3	4	344	13.4479	2015.25	86	3.362
4560	gunther eysenbach	-0.3158	-0.3243	23	25	31	45	6660	122.3593	2005.0667	148	2.7191
4582	gwen l alexander	0.7066	-0.0652	15	3	8	4	370	4.2147	2008.25	92.5	1.0537
4593	h de vries	-0.9285	0.4037	5	10	15	5	191	3.4779	2012	38.2	0.6956
4683	hannah l palac	0.0358	-0.0535	2	9	17	3	67	8.0259	2017.6667	22.3333	2.6753
4708	hans cornelis ossebaard	-0.6253	-0.2412	13	6	11	3	877	14.2815	2011.3333	292.3333	4.7605
4739	harald baumeister	-0.61	0.0774	3	5	9	3	63	8.5045	2016.3333	21	2.8348
4744	hardeep singh	-0.1667	-0.2688	7	2	2	3	91	2.2182	2013.3333	30.3333	0.7394
4765	harvey a skinner	-0.3623	-0.2834	23	2	4	8	1402	15.1696	2005.625	175.25	1.8962
4783	heather colelewis	0.9847	-0.3363	1	3	8	4	91	3.4906	2015.75	22.75	0.8727
4790	heather j ross	0.2922	-0.4919	10	6	16	4	289	4.983	2009.75	72.25	1.2458
4793	heather l stuckey	0.2556	-0.0486	2	2	3	3	34	2.3678	2014.6667	11.3333	0.7893
4828	heiko spallek	-0.2104	0.4811	17	4	5	4	95	1.6763	2011.25	23.75	0.4191
4829	hein a de haan	-0.786	-0.5079	13	2	6	3	135	2.0916	2012	45	0.6972
4831	hein de vries	-0.9207	0.3736	5	26	88	29	618	19.3374	2014.7241	21.3103	0.6668
4836	heleen riper	-0.6444	0.0038	3	30	99	32	1196	51.608	2014.7812	37.375	1.6128
4838	helen atherton	-0.8188	-0.2504	14	3	3	3	134	4.5074	2015.3333	44.6667	1.5025
4839	helen christensen	-0.3594	0.0595	9	40	99	31	2811	53.8259	2011.2258	90.6774	1.7363
4862	helen w sullivan	0.9579	-0.2637	1	1	1	3	37	0.593	2014.6667	12.3333	0.1977
4900	henricuspaul cremers	-0.9497	0.3435	5	5	10	3	37	1.193	2014.3333	12.3333	0.3977
4909	henry w w potts	-0.361	-0.3699	23	1	1	4	192	2.3586	2010.25	48	0.5897
4934	hilde eide	-0.6123	-0.4004	19	6	13	4	120	4.2315	2016	30	1.0579
4981	holly o witteman	0.423	-0.2789	15	6	16	9	296	8.7478	2013.2222	32.8889	0.972
4989	hong yu	0.7589	-0.115	1	6	8	6	21	4.5666	2018.3333	3.5	0.7611
5075	huong ly tong	-0.2279	-0.2792	7	3	7	3	0	0	2018.6667	0	0
5118	iain buchan	-0.7883	-0.179	14	6	10	6	282	6.4073	2012.8333	47	1.0679
5122	ian b hickie	-0.2411	0.3606	17	9	25	8	395	10.0397	2015.625	49.375	1.255
5134	ian r white	1.0128	0.4466	12	8	25	5	281	3.8014	2011.8	56.2	0.7603
5165	ilse de bourdeaudhuij	-1.1596	0.6763	6	11	33	11	480	17.8563	2016.0909	43.6364	1.6233
5218	ingrid muller	1.1243	0.1581	11	6	13	4	271	9.6748	2015.25	67.75	2.4187
5263	irwin nazareth	1.0833	0.3497	12	5	13	6	191	2.2114	2008.3333	31.8333	0.3686
5323	j a m kremer	-0.2223	-0.4472	4	6	10	4	159	3.3524	2012.75	39.75	0.8381
5326	j allison	0.7772	-0.2209	1	6	16	7	383	6.2596	2008.2857	54.7143	0.8942
5340	j c m van weert	-0.8885	-0.0592	18	6	16	4	2	0.1227	2016.75	0.5	0.0307
5360	j jaime miranda	0.1787	-0.0922	2	3	9	4	14	6.5906	2018.5	3.5	1.6477
5376	j r anema	-0.6206	-0.1005	3	2	2	3	293	4.44	2012.3333	97.6667	1.48
5382	j spook	-0.9073	0.1479	25	3	8	3	40	1.0953	2015	13.3333	0.3651
5406	jackie sturt	-0.8091	-0.2312	14	3	5	4	54	3.0216	2015.5	13.5	0.7554
5424	jacqueline l bender	0.3014	-0.3479	10	4	6	5	470	9.9779	2013.4	94	1.9956
5450	jaimee l heffner	0.6676	-0.0795	15	2	4	3	17	3.1388	2018	5.6667	1.0463
5463	james campbell	0.8173	0.2224	8	12	25	6	28	47.2143	2019	4.6667	7.869
5468	james d ralston	1.0024	0.0162	16	10	15	5	171	4.3028	2014.4	34.2	0.8606
5511	james shaw	0.2423	-0.4033	10	9	10	4	12	2.6833	2018.25	3	0.6708
5517	jamie brown	1.0505	0.2046	11	2	3	4	46	2.703	2015	11.5	0.6758
5529	jamie ross	1.1568	0.3269	12	5	8	3	39	10.4591	2018	13	3.4864
5534	jan barnsley	0.2783	-0.4724	10	5	15	3	253	4.5529	2011.3333	84.3333	1.5176
5561	jan walker	1.0433	-0.04	16	8	19	4	104	6.1122	2015.25	26	1.5281
5579	jane gunn	-0.2726	-0.0304	7	7	15	4	6	3.0271	2018.5	1.5	0.7568
5595	janeric litton	1.3392	0.6346	22	4	10	3	88	1.0728	2009.6667	29.3333	0.3576
5627	janine clarke	-0.3071	-0.021	7	9	18	4	474	12.0004	2016.5	118.5	3.0001
5739	jeannet kramer	-0.6901	0.0122	3	8	16	6	380	6.4603	2011.8333	63.3333	1.0767
5809	jennifer b mcclure	0.6827	-0.0663	15	6	11	8	257	6.0684	2013.25	32.125	0.7586
5811	jennifer b unger	0.7671	-0.4054	20	3	11	5	18	3.0519	2018.2	3.6	0.6104
5820	jennifer duffecy	0.0877	-0.1068	2	5	7	3	370	5.5106	2013	123.3333	1.8369
5838	jennifer l keating	0.7788	0.4023	8	4	8	3	97	2.2613	2013	32.3333	0.7538
5839	jennifer l kraschnewski	0.2403	-0.0456	2	3	3	3	76	2.2219	2015	25.3333	0.7406
5850	jennifer m hensel	0.2543	-0.3839	10	3	5	3	6	3.0271	2018.3333	2	1.009
5859	jennifer nicholas	-0.05	-0.0196	2	9	15	7	214	13.7912	2016.4286	30.5714	1.9702
5870	jennifer stinson	0.2297	-0.4468	10	4	4	5	226	5.5855	2014.6	45.2	1.1171
5911	jeremy c wyatt	-0.3551	-0.364	23	2	3	5	340	6.1985	2009.2	68	1.2397
5924	jeroen ruwaard	-0.5404	-0.0912	3	6	9	5	170	12.7923	2015.4	34	2.5585
5953	jessica jane louise kirkman	-0.4327	0.1198	9	2	2	3	4	1.0727	2018.3333	1.3333	0.3576
5976	jessie e saul	0.6556	-0.0228	1	3	4	3	199	2.432	2007.6667	66.3333	0.8107
6015	jidong huang	0.8467	-0.4707	20	2	4	3	65	4.0164	2016.3333	21.6667	1.3388
6036	jillian pugatch	0.9855	-0.3502	1	3	6	3	82	3.7659	2016	27.3333	1.2553
6042	jim mccambridge	1.0303	0.4561	12	8	27	8	379	5.8403	2012	47.375	0.73
6049	jina huh	0.9611	0.1306	24	3	6	6	88	4.9839	2016	14.6667	0.8307
6111	joan l bottorff	-1.0365	0.7363	6	3	7	4	53	2.0445	2015.25	13.25	0.5111
6116	joan vermeulen	-0.7179	-0.2815	13	2	4	3	21	2.3168	2015.6667	7	0.7723
6119	joann g elmore	1.0437	-0.0059	16	7	15	3	76	5.1454	2015.3333	25.3333	1.7151
6174	joe wherton	0.2129	-0.3922	10	3	7	3	143	17.045	2017.3333	47.6667	5.6817
6200	johanna i westbrook	-0.1756	-0.2645	7	2	2	4	97	1.4474	2007.75	24.25	0.3618
6216	johannes brug	-0.9811	0.3121	5	3	7	3	395	5.0446	2009	131.6667	1.6815
6225	john a cunningham	-0.3529	-0.2254	23	3	3	8	190	2.9754	2011.375	23.75	0.3719
6231	john ainsworth	-0.7641	-0.1779	14	3	6	3	211	5.1145	2013.3333	70.3333	1.7048
6245	john d piette	0.6459	-0.1379	15	6	7	5	266	4.9366	2012.8	53.2	0.9873
6269	john l oliffe	-1.0471	0.7419	6	3	7	4	53	2.0445	2015.25	13.25	0.5111
6287	john p lalor	0.7744	-0.1122	1	3	5	3	6	1.6091	2018.6667	2	0.5364
6290	john powell	-0.7683	-0.196	14	7	10	12	1204	18.2141	2010.9167	100.3333	1.5178
6299	john s brownstein	-0.2768	-0.1517	7	2	2	8	200	6.4257	2014.375	25	0.8032
6343	jonathan b bricker	0.664	-0.0695	15	2	4	3	12	3.2182	2018.3333	4	1.0727
6349	jonathan david darer	1.027	-0.034	16	7	14	3	102	2.7398	2014	34	0.9133
6369	jonathan syred	1.1164	0.4028	12	2	4	3	31	1.9207	2016.3333	10.3333	0.6402
6382	jonpatrick allem	0.776	-0.3882	20	5	11	7	88	5.7291	2017	12.5714	0.8184
6432	jos w r twisk	-0.5984	-0.0734	3	5	8	4	240	3.8918	2013	60	0.9729
6441	jose cote	-0.2529	-0.5093	4	2	5	4	54	2.5291	2015.75	13.5	0.6323
6450	jose m valderas	-0.8426	-0.2748	14	3	4	5	56	5.6687	2016.8	11.2	1.1337
6472	joseph a cafazzo	0.2677	-0.4395	10	9	23	8	656	12.7424	2013.75	82	1.5928
6514	joshua fogel	0.7709	-0.2576	1	2	2	3	175	2.1536	2006.6667	58.3333	0.7179
6529	josip car	0.787	0.1763	8	20	47	14	118	70.6765	2018.0714	8.4286	5.0483
6568	judith h hibbard	0.886	0.005	11	3	3	3	26	1.4495	2015.3333	8.6667	0.4832
6569	judith j prochaska	1.1009	0.0408	16	1	2	3	319	7.4603	2014	106.3333	2.4868
6570	judith joseph	1.1033	0.232	11	6	12	3	1353	17.1096	2011.3333	451	5.7032
6575	judith proudfoot	-0.2505	-0.1484	7	14	19	6	326	7.2449	2012.6667	54.3333	1.2075
6579	judy drennan	-0.2973	-0.1096	7	7	12	4	224	2.6914	2014.25	56	0.6729
6584	judy proudfoot	-0.3046	-0.044	7	13	21	4	658	13.8735	2015.25	164.5	3.4684
6594	julia bailey	1.0995	0.3638	12	4	10	4	77	1.5794	2012.75	19.25	0.3949
6599	julia c m van weert	-0.957	-0.0775	18	6	10	6	249	7.2543	2015.1667	41.5	1.209
6602	julia e w c van gemertpijnen	-0.6554	-0.2496	13	10	32	14	1395	27.1637	2012.7857	99.6429	1.9403
6626	julian wienert	-0.8637	0.4749	5	3	6	4	34	2.9991	2016.75	8.5	0.7498
6661	julie richards	0.077	-0.1518	2	2	5	3	10	0.314	2016	3.3333	0.1047
6710	justin kenardy	-0.339	0.1266	9	7	10	4	82	2.8232	2014.75	20.5	0.7058
6839	karhai chu	0.7521	-0.4075	20	3	5	3	10	0.9064	2018.3333	3.3333	0.3021
6895	katarina balter	1.3668	0.678	22	4	12	4	92	2.0798	2013	23	0.52
6924	katherine a lawrence	-0.3875	0.247	9	6	22	4	18	6.2453	2018.5	4.5	1.5613
6970	kathleen m griffiths	-0.3708	0.0199	9	21	63	22	2051	27.2782	2009.8182	93.2273	1.2399
6971	kathleen m mazor	0.7934	-0.1454	1	7	8	3	32	3.2039	2016.6667	10.6667	1.068
7000	kathryn noth tomasino	0.0557	-0.0227	2	10	21	3	62	6.6849	2018	20.6667	2.2283
7026	katrien de cocker	-1.1315	0.6908	6	3	9	3	76	2.851	2014.3333	25.3333	0.9503
7052	kay wilhelm	-0.2933	-0.0024	7	7	14	3	12	2.6833	2018.3333	4	0.8944
7103	kelsey flott	0.8737	0.1014	11	2	8	4	10	0.8202	2018	2.5	0.2051
7115	kendall ho	-0.2991	-0.3343	23	1	1	3	234	7.5268	2014.6667	78	2.5089
7130	kenneth d mandl	-0.2527	-0.1819	7	4	11	11	295	12.8183	2014.5455	26.8182	1.1653
7181	kevin j leonard	0.2948	-0.4469	10	6	18	5	325	5.7992	2010.6	65	1.1598
7190	kevin patrick	1.0196	0.1462	11	6	6	5	729	18.0181	2012.2	145.8	3.6036
7209	kieran moran	-1.2258	0.6041	6	3	7	3	19	2.0772	2018	6.3333	0.6924
7210	kieran walsh	0.7492	0.4837	8	5	13	7	44	7.8606	2016.8571	6.2857	1.1229
7227	kim m nazi	0.8527	-0.0974	1	8	20	9	298	10.9675	2016	33.1111	1.2186
7277	kjersti lillevoll	-0.2434	0.1214	26	5	13	3	122	2.7277	2013.6667	40.6667	0.9092
7284	knut waterloo	-0.2458	0.1386	26	5	18	5	155	3.6137	2013.6	31	0.7227
7296	konrad paul kording	0.1091	0.0053	2	4	9	4	242	11.3542	2017	60.5	2.8386
7367	kumanan wilson	0.3342	-0.6305	10	1	1	3	168	1.9448	2012.6667	56	0.6483
7376	kurt m ribisl	0.8204	-0.4031	20	5	6	5	124	3.0645	2013.6	24.8	0.6129
7385	kylie bennett	-0.4252	0.0299	9	14	40	9	535	9.8452	2011.8889	59.4444	1.0939
7508	laura dennison	1.1128	0.2119	11	8	14	4	439	10.4874	2014.75	109.75	2.6218
7542	laura ospinapinillos	-0.2252	0.3816	17	3	11	4	21	3.8564	2018	5.25	0.9641
7603	lawrence c an	0.6657	-0.0427	1	4	5	4	257	3.6073	2009.75	64.25	0.9018
7606	lawrence j appel	0.5813	0.0043	1	1	2	3	96	1.735	2012.6667	32	0.5783
7637	leanne morrison	1.1349	0.2056	11	9	20	6	667	20.9461	2015.5	111.1667	3.491
7643	lee m ritterband	-0.4717	0.0292	21	5	8	5	200	3.3898	2010	40	0.678
7671	lena hanberger	-0.6282	-0.018	21	2	4	3	172	2.1558	2010.6667	57.3333	0.7186
7712	lesley v campbell	-0.2762	-0.0006	7	7	14	3	12	2.6833	2018.3333	4	0.8944
7724	lex stefan van velsen	-0.7047	-0.2788	13	3	3	4	29	2.5583	2016.75	7.25	0.6396
7727	li chen	0.7783	-0.0904	1	4	5	3	83	3.1504	2014.3333	27.6667	1.0501
7751	liesbeth mercken	-0.9241	0.344	5	7	17	5	45	2.2527	2016	9	0.4505
7753	liesbeth van osch	-0.9527	0.4504	5	3	6	3	96	1.9494	2012.3333	32	0.6498
7754	liesje donkin	-0.279	0.3273	17	5	11	3	429	6.6966	2012	143	2.2322
7762	lila j finney rutten	0.8953	-0.2467	1	6	12	6	165	6.6866	2015	27.5	1.1144
7766	lilian lechner	-0.9769	0.3625	5	7	21	9	121	4.6043	2015.4444	13.4444	0.5116
7768	liliana laranjo	-0.24	-0.2756	7	3	7	3	0	0	2018.6667	0	0
7857	lionel tarassenko	1.2447	0.3815	12	3	7	3	57	4.5219	2016.6667	19	1.5073
7863	lisa a marsch	0.8499	-0.5045	20	3	3	4	39	6.0206	2017.5	9.75	1.5051
7922	lise solberg nes	-0.5914	-0.3947	19	6	12	4	2	1.9544	2018.75	0.5	0.4886
7925	lisette schoonhoven	-0.1515	-0.5118	4	5	14	5	395	7.2513	2012.8	79	1.4503
7927	lisette van gemertpijnen	-0.6418	-0.3011	13	3	3	3	195	4.6716	2014.3333	65	1.5572
7947	long ngo	1.0681	-0.0636	16	5	6	3	125	2.1606	2009.6667	41.6667	0.7202
7952	lorainne tudor car	0.8039	0.2507	8	17	58	14	79	133.2117	2019	5.6429	9.5151
7965	lori a post	0.759	-0.1485	1	1	2	3	64	1.8646	2013.3333	21.3333	0.6215
7980	lorien c abroms	0.6906	0.1215	1	3	3	3	56	1.9953	2015	18.6667	0.6651
7989	lorraine r buis	0.6117	-0.1644	15	7	11	4	228	3.1238	2011.5	57	0.781
7995	louisa edwards	1.167	0.2322	11	1	1	3	53	1.9635	2015.3333	17.6667	0.6545
8004	louise farrer	-0.4001	0.0656	9	7	11	4	688	8.4512	2012.75	172	2.1128
8009	louise poppe	-1.1785	0.6321	6	13	29	6	39	7.796	2018.1667	6.5	1.2993
8023	luc p de witte	-0.7137	-0.2894	13	2	4	5	50	4.9699	2016.2	10	0.994
8041	lucien j l p g engelen	-0.1631	-0.5259	4	6	20	8	415	11.7279	2014.625	51.875	1.466
8050	lucy yardley	1.1335	0.2228	11	17	51	17	2225	57.6804	2015.0588	130.8824	3.393
8058	luis fernandezluque	-0.3747	-0.5595	4	4	4	6	537	8.5004	2013	89.5	1.4167
8071	luke woodham	0.7897	0.3165	8	6	7	3	14	0.4834	2017.6667	4.6667	0.1611
8098	lynn sudburyriley	-1.0548	-0.084	18	2	6	3	23	2.0847	2017.6667	7.6667	0.6949
8130	m ferwerda	-0.8196	-0.4133	13	1	4	4	77	2.4176	2016	19.25	0.6044
8208	macda gerard	1.0663	-0.0199	16	5	6	3	21	5.8048	2018	7	1.9349
8229	madhu c reddy	0.1503	-0.0295	2	8	9	3	96	5.0284	2016.6667	32	1.6761
8256	mairead c cardamonebreen	-0.4229	0.2324	9	6	17	3	7	3.2953	2018.6667	2.3333	1.0984
8257	maite verloigne	-1.1841	0.6638	6	6	17	5	51	3.7747	2017.2	10.2	0.7549
8311	marc a adams	1.0099	0.1466	11	1	1	3	496	7.271	2015	165.3333	2.4237
8360	marcus bendtsen	1.0134	0.4806	12	3	5	3	41	1.6854	2015	13.6667	0.5618
8383	margaret s chisolm	1.1448	0.0606	16	3	4	5	49	5.0876	2017.4	9.8	1.0175
8443	maria lohan	-1.0364	0.7505	6	2	4	3	11	0.3798	2016.3333	3.6667	0.1266
8497	marie bee hui yap	-0.3853	0.224	9	6	22	4	18	6.2453	2018.5	4.5	1.5613
8508	marie lof	1.3412	0.6046	22	7	12	4	90	1.3365	2013.25	22.5	0.3341
8538	mariepierre gagnon	-0.2576	-0.4855	4	10	12	5	77	4.3806	2016.4	15.4	0.8761
8597	marjan j faber	-0.236	-0.4405	4	6	9	4	138	3.0437	2013.5	34.5	0.7609
8616	mark begale	0.0751	-0.0988	2	6	9	4	418	6.3074	2012.25	104.5	1.5768
8630	mark dickson	0.4578	-0.2476	15	3	8	3	69	1.3267	2012.3333	23	0.4422
8631	mark dredze	1.1557	0.0545	16	2	4	5	91	5.8207	2016.6	18.2	1.1641
8632	mark e larsen	-0.142	-0.0228	2	7	12	5	142	10.2117	2017.4	28.4	2.0423
8649	mark j weal	1.1232	0.238	11	6	14	4	82	4.7931	2015.25	20.5	1.1983
8664	mark r cobain	-0.6005	-0.1324	3	3	5	3	86	1.2178	2011	28.6667	0.4059
8696	marleen kunneman	-0.9058	-0.0629	18	7	20	4	9	0.5521	2016	2.25	0.138
8704	marloes gerda postel	-0.787	-0.4927	13	3	7	6	151	2.6806	2014.1667	25.1667	0.4468
8713	mart a f j van de laar	-0.7398	-0.394	13	5	10	3	321	4.4493	2010.6667	107	1.4831
8738	martin eisemann	-0.2271	0.1188	26	5	18	5	155	3.6137	2013.6	31	0.7227
8802	mary fitzpatrick	-1.0534	-0.0957	18	2	6	3	23	2.0847	2017.6667	7.6667	0.6949
8807	mary jeanne kwasny	0.0236	-0.015	2	13	28	5	132	11.0034	2017.8	26.4	2.2007
8808	mary jo deering	0.9746	-0.2373	1	2	2	3	33	0.4619	2006.6667	11	0.154
8817	mary schwarz	0.9722	-0.3466	1	3	8	3	91	3.4906	2015.3333	30.3333	1.1635
8857	math j j m candel	-0.9484	0.3975	5	17	38	12	322	10.2712	2014.75	26.8333	0.8559
8937	matthias berking	-0.6413	0.0716	3	10	47	10	236	22.6165	2016.8	23.6	2.2616
8951	matthijs blankers	-0.7324	0.0734	3	4	6	3	168	2.2371	2011	56	0.7457
9019	mayke mol	-0.5633	-0.0726	3	5	10	3	25	9.5406	2018.3333	8.3333	3.1802
9035	megan a jacobs	0.6671	0.1082	1	3	6	3	56	3.3797	2015.3333	18.6667	1.1266
9086	melanie d hingle	-1.1498	0.5772	6	9	16	3	50	6.7457	2016.3333	16.6667	2.2486
9092	melanie keep	-0.2278	0.4775	17	3	5	3	25	2.6211	2018	8.3333	0.8737
9103	melinda j hutchesson	-1.2102	0.5554	6	11	19	5	54	4.7329	2014.8	10.8	0.9466
9104	melinda neve	-1.2615	0.5235	6	3	7	3	178	2.6142	2011	59.3333	0.8714
9197	michael d fetters	0.5157	-0.2367	15	1	1	3	11	0.7289	2016.6667	3.6667	0.243
9226	michael j paul	1.1601	0.0628	16	2	3	3	39	1.3466	2017.3333	13	0.4489
9272	michael schaub	-0.4422	0.1397	9	4	9	7	162	4.1846	2014.7143	23.1429	0.5978
9302	michel jean louis walthouwer	-0.942	0.3781	5	10	16	4	33	1.4076	2015.25	8.25	0.3519
9308	michel wensing	-0.8014	-0.432	13	3	3	4	7	4.7134	2018.75	1.75	1.1783
9317	michele p dyson	0.2117	-0.4679	10	1	2	4	31	2.8098	2017.5	7.75	0.7025
9342	michelle nicole burns	0.0963	-0.0811	2	6	9	3	464	8.7477	2012.6667	154.6667	2.9159
9352	michiel westerman	0.7422	0.5106	8	3	11	4	9	6.6678	2018.75	2.25	1.6669
9354	mick p couper	0.7319	-0.059	15	5	8	5	514	6.6945	2009.2	102.8	1.3389
9358	midge n ray	0.7854	-0.2362	1	5	13	5	157	2.3004	2008	31.4	0.4601
9384	mike conway	0.9598	0.1771	24	3	5	7	282	10.069	2014.8571	40.2857	1.4384
9432	minhuei hsu	-0.3812	-0.5655	4	1	1	4	130	3.6204	2016.25	32.5	0.9051
9462	mirjam ekstedt	-0.5648	-0.4518	19	4	7	3	108	3.0182	2014	36	1.0061
9473	mitch j duncan	-1.0746	0.6682	6	7	19	7	424	10.8589	2014.4286	60.5714	1.5513
9534	monika alise johansen	-0.5533	-0.5285	19	2	4	3	113	11.9137	2014	37.6667	3.9712
9543	monika semwal	0.7692	0.2161	8	12	30	8	35	59.0179	2019	4.375	7.3772
9550	monique w m jaspers	-0.9802	0.2269	5	2	2	3	14	0.4396	2017	4.6667	0.1465
9562	morwenna kirwan	-1.0876	0.6812	6	3	7	3	321	7.1487	2013.3333	107	2.3829
9567	moyez jiwa	-0.264	0.4799	17	2	6	6	80	1.8951	2013.5	13.3333	0.3159
9602	n e stanczyk	-0.9116	0.3941	5	14	19	4	74	2.1796	2014	18.5	0.5449
9608	n kolstrup	-0.218	0.134	26	5	16	4	140	3.2929	2013.75	35	0.8232
9612	n nijland	-0.6268	-0.2872	13	6	21	7	917	11.6987	2009.5714	131	1.6712
9625	nabil zary	0.8052	0.2744	8	15	32	9	115	71.5025	2016.8889	12.7778	7.9447
9655	nakul saxena	0.7706	0.2892	8	12	20	3	18	30.352	2019	6	10.1173
9658	nameyeh alam	0.0392	-0.0329	2	9	17	3	11	2.95	2018.3333	3.6667	0.9833
9671	nancy l atkinson	0.9775	-0.2457	1	2	2	3	371	3.5634	2008.3333	123.6667	1.1878
9685	nanne k de vries	-1.02	0.429	5	1	3	3	258	5.1504	2012	86	1.7168
9733	nathan k cobb	0.6252	0.0145	1	7	14	9	379	7.9958	2011.7778	42.1111	0.8884
9761	neda ratanawongsa	1.1075	0.0682	16	4	6	4	66	3.9144	2017.75	16.5	0.9786
9776	neil s coulson	-0.8993	-0.2092	14	2	4	4	35	2.7674	2017	8.75	0.6919
9816	nick glozier	-0.2754	0.3487	17	6	14	5	442	7.8749	2014	88.4	1.575
9824	nickolai titov	-0.7301	-0.1009	3	3	3	3	8	3.5635	2018.3333	2.6667	1.1878
9826	nicola diviani	-0.9898	-0.0811	18	2	2	3	417	11.5024	2015	139	3.8341
9849	nicole exe	0.4651	-0.2615	15	3	10	4	85	3.3107	2014.5	21.25	0.8277
9869	niels h chavannes	-0.8044	-0.4408	13	1	1	4	7	2.2301	2018	1.75	0.5575
9870	niels henrik hjollund	-0.8525	-0.2725	14	1	1	4	238	4.6815	2015.5	59.5	1.1704
9872	niels peek	-0.9728	0.2378	5	4	6	5	49	2.0096	2014.2	9.8	0.4019
9930	nir menachemi	0.9392	-0.2027	1	2	2	3	171	2.0274	2010.3333	57	0.6758
10055	olof birna kristjansdottir	-0.6075	-0.4149	19	6	13	4	120	4.2315	2016	30	1.0579
10076	orjan dahlstrom	-0.5951	0.0042	21	4	5	3	33	1.6929	2015.6667	11	0.5643
10163	panagiotis d bamidis	0.706	0.2916	8	2	6	4	46	1.5163	2014.75	11.5	0.3791
10164	panagiotis e antoniou	0.7266	0.2829	8	9	11	3	40	11.2193	2016	13.3333	3.7398
10179	paolo zanaboni	-0.28	-0.4923	4	2	2	3	61	2.3281	2014	20.3333	0.776
10233	patrick archambault	-0.2464	-0.4542	4	6	6	3	78	1.4603	2012	26	0.4868
10246	patrick j mcgrath	0.2169	-0.4617	10	2	3	5	108	4.2601	2015.6	21.6	0.852
10263	paul a estabrooks	0.7545	-0.0331	15	1	2	3	175	2.6743	2013	58.3333	0.8914
10294	paul little	1.113	0.1878	11	10	28	7	188	5.3265	2013.5714	26.8571	0.7609
10305	paul resnick	0.6173	-0.144	15	5	8	3	358	4.9269	2007.6667	119.3333	1.6423
10310	paul s f yip	-0.3615	-0.6486	4	2	2	4	99	4.2643	2015.5	24.75	1.0661
10330	paula baraitser	1.1079	0.4055	12	2	4	3	31	1.9207	2016.3333	10.3333	0.6402
10353	pawel posadzki	0.7969	0.2319	8	15	37	7	40	67.449	2019	5.7143	9.6356
10386	penny whiting	0.8261	0.201	8	9	12	3	20	33.7245	2019	6.6667	11.2415
10391	pepijn van empelen	-0.8974	0.1641	25	7	13	5	110	2.6497	2014.8	22	0.5299
10394	per carlbring	-0.4879	0.008	21	5	8	5	209	3.8328	2011.8	41.8	0.7666
10396	per egil kummervold	-0.3299	-0.4344	4	4	5	5	454	5.6092	2009.2	90.8	1.1218
10457	peter j schulz	-1.0307	-0.0869	18	5	14	13	605	21.921	2015.6923	46.5385	1.6862
10458	peter johansson	-0.5757	0.0161	21	4	7	3	29	2.1313	2016.3333	9.6667	0.7104
10472	peter murray	-0.6132	-0.1364	3	3	6	3	492	6.062	2008.6667	164	2.0207
10473	peter musiat	-0.629	0.185	3	4	4	3	8	2.3207	2018.3333	2.6667	0.7736
10489	peter selby	-0.3507	-0.2466	23	4	4	5	258	3.4105	2011.4	51.6	0.6821
10524	philip j batterham	-0.3792	0.0743	9	14	32	9	340	10.6999	2013.7778	37.7778	1.1889
10526	philip j morgan	-1.2425	0.5226	6	4	18	7	219	3.8607	2012.7143	31.2857	0.5515
10545	philippe courtet	-0.1235	-0.0174	2	3	8	3	85	8.7303	2017.6667	28.3333	2.9101
10591	pim cuijpers	-0.5721	-0.0209	3	35	85	27	1682	39.3976	2013.0741	62.2963	1.4592
10618	preben bendtsen	1.026	0.4826	12	3	5	3	47	0.9975	2012.6667	15.6667	0.3325
10624	prue elizabeth morgan	0.7641	0.394	8	4	10	4	124	2.9981	2013.25	31	0.7495
10642	qijin cheng	-0.369	-0.638	4	3	4	3	35	3.1724	2017.6667	11.6667	1.0575
10719	rachel a mckendry	-0.3932	-0.6079	4	3	4	4	59	2.6098	2016.5	14.75	0.6524
10740	rachel kornfield	0.8505	-0.4874	20	5	6	4	60	7.1086	2016.75	15	1.7772
10777	ragnhild sorensen hoifodt	-0.2298	0.146	26	5	16	4	140	3.2929	2013.75	35	0.8232
10790	rajani s sadasivam	0.8081	-0.2148	1	9	19	7	97	3.8766	2014.8571	13.8571	0.5538
10808	ralph maddison	1.3165	0.5328	22	5	12	6	436	8.4337	2013.5	72.6667	1.4056
10809	ram bajpai	0.7927	0.2052	8	8	12	4	12	20.2347	2019	3	5.0587
10857	ray jones	-0.6188	0.2224	3	1	2	9	207	3.122	2010.3333	23	0.3469
10862	raymond niaura	0.6173	0.0425	1	3	9	4	96	1.4511	2012.5	24	0.3628
10889	rebecca l kinney	0.7921	-0.1994	1	7	11	3	44	1.8042	2014.6667	14.6667	0.6014
10914	rebecca yang	0.2618	-0.3916	10	3	5	3	6	3.0271	2018.3333	2	1.009
10993	ricardo araya	0.1638	-0.0879	2	3	8	5	28	7.4494	2018	5.6	1.4899
10996	ricardo f munoz	0.2762	0.0613	2	5	9	6	231	4.0342	2012.3333	38.5	0.6724
11039	richard l street	-0.1557	-0.275	7	2	3	3	59	7.2642	2015.6667	19.6667	2.4214
11048	richard p moser	0.9201	-0.2672	1	5	14	6	836	11.024	2012	139.3333	1.8373
11075	rik crutzen	-0.9973	0.4153	5	27	43	15	796	16.4386	2013.2667	53.0667	1.0959
11113	robert a c ruiter	-0.9431	0.1455	25	3	5	3	42	1.6621	2015.3333	14	0.554
11128	robert de leeuw	0.7353	0.4971	8	3	9	3	3	5.0587	2019	1	1.6862
11147	robert hurling	-0.6038	-0.1444	3	3	6	3	492	6.062	2008.6667	164	2.0207
11155	robert j tait	-0.4224	0.0838	9	12	16	4	96	2.3504	2014.75	24	0.5876
11196	robert west	1.0356	0.1825	11	6	10	6	355	16.7085	2013.8333	59.1667	2.7847
11197	robert wu	0.3241	-0.5926	10	4	7	4	220	3.472	2009.75	55	0.868
11208	robin callister	-1.2324	0.5369	6	4	12	4	97	2.3356	2013.5	24.25	0.5839
11215	robin niels kok	-0.6822	-0.1223	3	9	9	3	455	10.8336	2015	151.6667	3.6112
11221	robyn whittaker	1.304	0.5246	22	4	12	8	616	11.927	2013.75	77	1.4909
11229	roderik a kraaijenhagen	-0.9666	0.2283	5	4	6	3	36	0.8911	2013	12	0.297
11251	rolf wynn	-0.3124	-0.4043	4	4	7	6	47	3.0142	2015.8333	7.8333	0.5024
11271	ronald c plotnikoff	-1.1054	0.6621	6	5	8	4	92	9.8406	2015.5	23	2.4602
11276	ronald m rapee	-0.4107	0.2518	9	6	22	4	18	6.2453	2018.5	4.5	1.5613
11302	rosalie van der vaart	-0.7781	-0.4122	13	5	10	5	194	5.4913	2015.8	38.8	1.0983
11309	rosalind w picard	0.0883	0.0394	2	1	1	3	74	8.8799	2017.3333	24.6667	2.96
11316	roselien buys	-1.2409	0.6051	6	3	7	3	4	1.0727	2018.3333	1.3333	0.3576
11355	rudolf b kool	-0.1715	-0.5102	4	4	7	5	92	3.0915	2016	18.4	0.6183
11375	russell e glasgow	0.7552	-0.0429	15	4	5	3	304	3.8715	2011	101.3333	1.2905
11444	s j h bredie	-0.1774	-0.54	4	3	8	5	22	5.0129	2018	4.4	1.0026
11465	s simon	0.8595	-0.1324	1	5	7	5	190	3.9593	2013.4	38	0.7919
11525	sam nordfeldt	-0.6197	-0.021	21	2	4	4	185	2.4114	2011	46.25	0.6028
11589	sandra van dulmen	-0.6246	-0.4136	19	2	4	3	125	2.9134	2014	41.6667	0.9711
11628	sara e christensen	1.3879	0.6765	22	4	10	3	69	1.5879	2013	23	0.5293
11648	sara shaw	0.2132	-0.4057	10	3	7	3	143	17.045	2017.3333	47.6667	5.6817
11650	sara simblett	-0.7159	-0.1823	14	2	4	3	21	8.4679	2018	7	2.8226
11738	saskia marion kelders	-0.6382	-0.2667	13	13	30	13	1208	25.9562	2014.2308	92.9231	1.9966
11762	scott a turske	0.5951	-0.1771	15	2	5	3	75	1.6042	2013	25	0.5347
11871	severin haug	-0.453	0.1481	9	2	7	6	162	4.1846	2014	27	0.6974
11920	sharon l naismith	-0.2592	0.3431	17	6	13	3	343	5.574	2013.6667	114.3333	1.858
11981	sherman d quan	0.3208	-0.6076	10	3	6	3	185	3.3381	2012.6667	61.6667	1.1127
11985	sherry emery	0.8413	-0.4606	20	3	6	5	85	5.212	2016.2	17	1.0424
11986	sherry l pagoto	0.8104	-0.1848	1	4	4	4	142	6.1287	2016	35.5	1.5322
12013	shireen mahtani	-0.4021	0.2343	9	6	17	3	12	4.6362	2018.6667	4	1.5454
12052	shuhong zhu	0.9624	0.1887	24	2	3	3	217	8.4776	2015.3333	72.3333	2.8259
12068	siawteng liaw	-0.2636	-0.2372	7	5	12	3	56	1.4343	2013.6667	18.6667	0.4781
12075	sifra bolle	-0.8992	-0.0854	18	7	20	4	9	0.5521	2016	2.25	0.138
12088	silje c wangberg	-0.3376	-0.4616	4	5	5	4	435	6.4643	2013	108.75	1.6161
12095	silvia m a a evers	-0.8645	0.3395	5	11	13	6	95	2.9798	2015.5	15.8333	0.4966
12100	silvina santana	-0.3341	-0.4454	4	2	3	3	421	6.0023	2011.3333	140.3333	2.0008
12109	simon g thompson	1.029	0.409	12	6	18	3	224	2.4639	2010.3333	74.6667	0.8213
12111	simon harper	-0.8091	-0.1673	14	2	4	3	20	1.7249	2016.6667	6.6667	0.575
12157	sivera berben	-0.1415	-0.5279	4	4	8	3	308	4.4664	2011.6667	102.6667	1.4888
12177	sofian berrouiguet	-0.1358	-0.006	2	3	9	5	96	10.615	2017.6	19.2	2.123
12182	sohrab saeb	0.1181	0.0182	2	4	9	4	233	10.5385	2017	58.25	2.6346
12208	sonia lippke	-0.8618	0.4641	5	3	6	5	45	3.3789	2016.4	9	0.6758
12214	sonja march	-0.3241	0.1345	9	2	6	4	63	4.1209	2015.75	15.75	1.0302
12281	stef p j kremers	-0.9139	0.4242	5	13	25	6	211	5.5285	2013.3333	35.1667	0.9214
12334	stephanie e bonn	1.375	0.6634	22	5	14	5	92	2.0798	2014.2	18.4	0.416
12348	stephanie l shimada	0.8245	-0.153	1	9	15	6	129	6.8721	2016	21.5	1.1454
12388	stephen m schueller	0.078	0.0064	2	26	48	18	782	47.5454	2016.4444	43.4444	2.6414
12390	stephen maloney	0.7595	0.4107	8	5	14	6	181	4.6115	2013.5	30.1667	0.7686
12393	stephen s intille	1.0326	0.1342	11	2	2	3	133	1.9786	2009	44.3333	0.6595
12419	steven k dobscha	0.6133	0.088	1	1	1	3	11	1.1746	2018	3.6667	0.3915
12507	susan fletcher	-0.2656	-0.0151	7	7	15	4	6	3.0271	2018.5	1.5	0.7568
12524	susan m kaiser	0.0561	-0.0424	2	10	25	4	67	8.0259	2018	16.75	2.0065
12531	susan michie	1.0762	0.2165	11	15	33	11	1748	43.2098	2014.5455	158.9091	3.9282
12559	suzan j w robroek	-0.9563	0.2505	5	5	7	3	89	1.5316	2011.6667	29.6667	0.5105
12563	suzanne bakken	-0.5154	-0.4579	19	2	2	4	75	2.1918	2013.75	18.75	0.548
12571	suzanne g leveille	1.0288	-0.0142	16	7	15	3	76	5.1454	2015.3333	25.3333	1.7151
12594	sven sandin	1.3513	0.6225	22	4	10	3	88	1.0728	2009.6667	29.3333	0.3576
12628	t g w m paulussen	-0.9263	0.1537	25	5	14	6	78	2.6318	2015.8333	13	0.4386
12632	t h van de belt	-0.1604	-0.5424	4	5	9	5	51	4.9161	2016.6	10.2	0.9832
12637	t l diepgen	-0.4098	-0.34	23	2	6	6	3	1.3302	1999	0.5	0.2217
12709	tana m luger	0.8175	-0.1204	1	3	6	3	36	1.9904	2016	12	0.6635
12731	tara donker	-0.4172	-0.0108	9	9	12	3	644	12.4366	2011.6667	214.6667	4.1455
12792	terrisca r des jardins	0.6037	-0.1843	15	2	5	3	75	1.6042	2013	25	0.5347
12801	tess boley cruz	0.7583	-0.3926	20	3	11	5	18	3.0519	2018.2	3.6	0.6104
12860	thomas berger	-0.5222	0.0205	21	1	1	4	240	4.5343	2015.75	60	1.1336
12877	thomas k houston	0.7736	-0.1685	1	19	47	20	584	17.7658	2013.3	29.2	0.8883
12881	thomas lewis	-0.3479	-0.3567	23	2	3	4	168	4.8339	2014	42	1.2085
12933	til wykes	-0.7113	-0.1685	14	5	8	6	134	13.5885	2017.3333	22.3333	2.2647
12956	tim shaw	-0.2441	0.4608	17	8	14	8	49	3.8486	2016.625	6.125	0.4811
12980	timothy p hogan	0.8377	-0.1308	1	8	19	8	130	7.3714	2016.75	16.25	0.9214
12982	timothy r huerta	0.932	-0.2174	1	5	11	7	92	11.014	2016.7143	13.1429	1.5734
12994	tingshao zhu	-0.3715	-0.6487	4	2	3	3	35	3.1724	2017.6667	11.6667	1.0575
12998	tiny jaarsma	-0.5692	0.0271	21	4	8	5	44	2.4521	2016.2	8.8	0.4904
13001	titus schleyer	-0.2012	0.4871	17	1	2	5	115	2.6916	2010.4	23	0.5383
13006	tobias kowatsch	-0.4448	0.1576	9	2	2	3	16	1.4502	2017	5.3333	0.4834
13030	tom delbanco	1.0471	-0.024	16	8	19	4	104	6.1122	2015.25	26	1.5281
13031	tom h van de belt	-0.1921	-0.495	4	11	18	6	189	5.6857	2015	31.5	0.9476
13074	toomas timpka	-0.6111	-0.0068	21	3	4	3	88	1.3819	2013.3333	29.3333	0.4606
13075	tor claudi	-0.344	-0.4857	4	3	9	4	8	4.9815	2018.75	2	1.2454
13087	tracey a davenport	-0.2171	0.3658	17	3	12	5	52	4.4658	2016.8	10.4	0.8932
13101	tracy finch	-0.5459	-0.0698	3	6	10	3	38	9.4762	2018	12.6667	3.1587
13112	trevor jamieson	0.2697	-0.3773	10	4	5	3	5	2.0488	2018	1.6667	0.6829
13117	trevor van mierlo	-0.3533	-0.2349	23	2	2	5	238	6.2564	2013.6	47.6	1.2513
13122	trine s bergmo	-0.2916	-0.4927	4	3	3	4	48	2.8256	2017.5	12	0.7064
13124	trisha greenhalgh	0.2017	-0.3988	10	3	7	4	146	17.8495	2017.5	36.5	4.4624
13182	ulrike schmidt	-0.6255	0.2014	3	2	2	3	28	0.709	2015.3333	9.3333	0.2363
13191	urmimala sarkar	1.0847	0.063	16	4	5	3	93	3.5048	2015.3333	31	1.1683
13194	ursula whiteside	0.0874	-0.1518	2	2	5	3	10	0.314	2016	3.3333	0.1047
13197	ushashree divakar	0.7653	0.2521	8	12	20	4	20	33.7245	2019	5	8.4311
13290	veronique cornelissen	-1.2346	0.6167	6	3	7	3	4	1.0727	2018.3333	1.3333	0.3576
13301	victor j strecher	0.6995	-0.0864	15	10	15	7	628	7.6349	2009.2857	89.7143	1.0907
13362	vivian lo	0.3351	-0.6042	10	3	6	3	201	4.0807	2013	67	1.3602
13372	w brouwer	-0.9708	0.2898	5	5	9	3	408	5.1978	2009.6667	136	1.7326
13385	w kerry mummery	-1.0694	0.6864	6	5	12	4	226	5.631	2013.75	56.5	1.4078
13387	w l d m nelen	-0.2297	-0.4596	4	6	9	3	74	1.5343	2012.6667	24.6667	0.5114
13395	w van mechelen	-0.6075	-0.1121	3	7	7	4	142	3.1304	2012.5	35.5	0.7826
13405	waikit ming	1.2583	0.3861	12	3	3	3	24	4.7219	2018	8	1.574
13424	wanda pratt	0.9717	0.1174	24	4	7	4	150	2.7578	2015.25	37.5	0.6895
13477	wendy l bennett	0.6025	0.0081	1	2	2	3	50	2.7185	2016.6667	16.6667	0.9062
13499	wenying sylvia chou	0.9334	-0.2809	1	5	7	4	1008	16.4037	2012.75	252	4.1009
13521	will l tarver	0.8915	-0.2049	1	5	6	3	11	2.95	2018.6667	3.6667	0.9833
13543	william g dixon	-0.8548	-0.1949	14	3	4	4	66	3.4586	2016.5	16.5	0.8647
13665	xingqiong meng	-0.2675	0.4928	17	3	7	5	57	1.6002	2013.6	11.4	0.32
13691	y alicia hong	-0.1487	-0.279	7	1	2	4	13	7.5607	2018.5	3.25	1.8902
13716	yan leykin	0.2595	0.0677	2	4	8	3	65	1.4656	2012.6667	21.6667	0.4885
13730	yannan jiang	1.315	0.5496	22	3	7	5	172	5.5972	2015.2	34.4	1.1194
13827	ylva trolle lagerros	1.3578	0.6456	22	8	16	8	136	2.6821	2013.5	17	0.3353
13953	yvonne kiera bartlett	1.2227	0.4204	12	2	2	3	41	3.6846	2017	13.6667	1.2282
13968	zarnie khadjesari	1.0081	0.419	12	6	22	4	272	3.4906	2011	68	0.8726
